njets == 1                               	nevts: 24/11/54/47/136
1	491	147056
1	491	147156
1	491	147225
1	491	147228
1	6002	1800132
1	6002	1800298
1	6062	1818069
1	6062	1818284
1	6073	1821444
1	6073	1821557
1	6128	1837920
1	6128	1837948
1	3557	1066733
1	3561	1068014
1	3565	1069274
1	4299	1289474
1	4306	1291302
1	4306	1291312
1	4306	1291323
1	4306	1291413
1	4307	1291809
1	4309	1292489
1	4312	1293361
1	4313	1293492
1	4313	1293521
1	4314	1293769
1	4314	1293835
1	5815	1743966
1	5815	1744112
1	5815	1744135
1	5815	1744141
1	5815	1744188
1	5882	1764047
1	5882	1764166
1	5882	1764174
1	5885	1764903
1	5885	1765200
1	5887	1765517
1	6164	1848612
1	6164	1848720
1	6164	1848766
1	6171	1850748
1	6171	1850786
1	6171	1850932
1	12268	3679428
1	13158	3946487
1	13524	4056347
1	13641	4091208
1	13641	4091345
1	13735	4119625
1	13735	4119645
1	13966	4188847
1	14013	4202976
1	14013	4203075
1	7753	2325226
1	7758	2326859
1	7758	2326871
1	7758	2326905
1	7759	2327207
1	7764	2328530
1	7764	2328688
1	7768	2329958
1	7770	2330437
1	7770	2330459
1	7770	2330520
1	7771	2330738
1	7775	2331811
1	7775	2331930
1	7827	2347493
1	7831	2348620
1	7831	2348827
1	7835	2349855
1	7835	2350013
1	7841	2351606
1	7841	2351633
1	7842	2352103
1	7842	2352158
1	7851	2354790
1	9788	2935791
1	9788	2935795
1	9803	2940211
1	9803	2940259
1	9803	2940378
1	9803	2940379
1	9803	2940400
1	9821	2945712
1	9821	2945730
1	10159	3046866
1	10159	3047060
1	10159	3047086
1	10233	3069292
1	10238	3070765
1	10088	3025754
1	10104	3030395
1	10106	3030986
1	10203	3060035
1	10203	3060073
1	10203	3060134
1	10203	3060198
1	10204	3060309
1	10204	3060346
1	10204	3060430
1	10305	3090737
1	10305	3090816
1	10364	3108433
1	10364	3108508
1	10364	3108573
1	10413	3123135
1	10413	3123141
1	10462	3137915
1	10462	3138000
1	10465	3138696
1	10465	3138758
1	10465	3138811
1	10465	3138880
1	10986	3295020
1	10986	3295076
1	10986	3295178
1	10987	3295247
1	10992	3296910
1	12373	3711053
1	12373	3711074
1	12373	3711089
1	12373	3711120
1	11079	3322863
1	11079	3322873
1	11079	3322880
1	11079	3322957
1	11088	3325583
1	11088	3325602
1	11088	3325671
1	11088	3325704
1	11100	3329135
1	11100	3329236
1	11103	3330091
1	11103	3330187
