opposite sign                            	nevts: 771/447/664/585/2467
1	491	147004
1	491	147019
1	491	147023
1	491	147025
1	491	147029
1	491	147039
1	491	147056
1	491	147064
1	491	147069
1	491	147070
1	491	147071
1	491	147074
1	491	147095
1	491	147106
1	491	147114
1	491	147131
1	491	147136
1	491	147153
1	491	147156
1	491	147159
1	491	147162
1	491	147164
1	491	147165
1	491	147175
1	491	147195
1	491	147201
1	491	147203
1	491	147212
1	491	147225
1	491	147228
1	491	147247
1	491	147258
1	491	147261
1	491	147275
1	491	147285
1	491	147292
1	497	148802
1	497	148811
1	497	148819
1	497	148829
1	497	148849
1	497	148872
1	497	148889
1	497	148894
1	497	148896
1	497	148907
1	497	148922
1	497	148931
1	497	148932
1	497	148940
1	497	148972
1	497	148981
1	497	148984
1	497	148986
1	497	148993
1	497	148999
1	497	149009
1	497	149013
1	497	149017
1	497	149021
1	497	149026
1	497	149043
1	497	149067
1	497	149080
1	497	149082
1	497	149092
1	5562	1668001
1	5562	1668004
1	5562	1668021
1	5562	1668032
1	5562	1668037
1	5562	1668040
1	5562	1668050
1	5562	1668063
1	5562	1668072
1	5562	1668097
1	5562	1668099
1	5562	1668129
1	5562	1668132
1	5562	1668144
1	5562	1668151
1	5562	1668158
1	5562	1668186
1	5562	1668211
1	5562	1668228
1	5562	1668231
1	5562	1668238
1	5562	1668270
1	5562	1668283
1	5562	1668294
1	6002	1800026
1	6002	1800041
1	6002	1800052
1	6002	1800132
1	6002	1800133
1	6002	1800138
1	6002	1800149
1	6002	1800155
1	6002	1800166
1	6002	1800173
1	6002	1800177
1	6002	1800179
1	6002	1800219
1	6002	1800223
1	6002	1800246
1	6002	1800252
1	6002	1800257
1	6002	1800270
1	6002	1800277
1	6002	1800293
1	6002	1800298
1	6055	1815901
1	6055	1815914
1	6055	1815917
1	6055	1815921
1	6055	1815941
1	6055	1815945
1	6055	1815948
1	6055	1815949
1	6055	1815960
1	6055	1815966
1	6055	1815981
1	6055	1816008
1	6055	1816026
1	6055	1816029
1	6055	1816036
1	6055	1816041
1	6055	1816050
1	6055	1816051
1	6055	1816056
1	6055	1816075
1	6055	1816086
1	6055	1816098
1	6055	1816103
1	6055	1816113
1	6055	1816117
1	6055	1816137
1	6055	1816154
1	6055	1816160
1	6055	1816167
1	6055	1816170
1	6055	1816173
1	6055	1816177
1	6055	1816181
1	6055	1816195
1	6062	1818017
1	6062	1818027
1	6062	1818032
1	6062	1818039
1	6062	1818042
1	6062	1818043
1	6062	1818060
1	6062	1818069
1	6062	1818075
1	6062	1818078
1	6062	1818099
1	6062	1818106
1	6062	1818107
1	6062	1818110
1	6062	1818132
1	6062	1818144
1	6062	1818162
1	6062	1818168
1	6062	1818186
1	6062	1818214
1	6062	1818219
1	6062	1818229
1	6062	1818231
1	6062	1818237
1	6062	1818240
1	6062	1818244
1	6062	1818249
1	6062	1818270
1	6062	1818282
1	6062	1818283
1	6062	1818284
1	6062	1818298
1	6073	1821315
1	6073	1821318
1	6073	1821332
1	6073	1821363
1	6073	1821367
1	6073	1821376
1	6073	1821388
1	6073	1821402
1	6073	1821418
1	6073	1821429
1	6073	1821439
1	6073	1821442
1	6073	1821444
1	6073	1821452
1	6073	1821466
1	6073	1821473
1	6073	1821490
1	6073	1821506
1	6073	1821543
1	6073	1821546
1	6073	1821557
1	6073	1821568
1	6073	1821589
1	6073	1821590
1	6073	1821594
1	6073	1821597
1	6128	1837803
1	6128	1837808
1	6128	1837825
1	6128	1837845
1	6128	1837854
1	6128	1837920
1	6128	1837921
1	6128	1837935
1	6128	1837942
1	6128	1837948
1	6128	1837951
1	6128	1837954
1	6128	1837966
1	6128	1837968
1	6128	1837975
1	6128	1837985
1	6128	1837997
1	6128	1838029
1	6128	1838035
1	6128	1838039
1	6128	1838049
1	6128	1838057
1	6128	1838059
1	6128	1838066
1	6128	1838083
1	6128	1838098
1	3555	1066010
1	3555	1066014
1	3555	1066024
1	3555	1066026
1	3555	1066032
1	3555	1066049
1	3555	1066052
1	3555	1066067
1	3555	1066073
1	3555	1066074
1	3555	1066077
1	3555	1066091
1	3555	1066109
1	3555	1066116
1	3555	1066117
1	3555	1066146
1	3555	1066154
1	3555	1066165
1	3555	1066172
1	3555	1066175
1	3555	1066187
1	3555	1066192
1	3555	1066196
1	3555	1066198
1	3555	1066215
1	3555	1066222
1	3555	1066245
1	3555	1066251
1	3555	1066253
1	3555	1066257
1	3555	1066276
1	3555	1066283
1	3555	1066285
1	3555	1066298
1	3557	1066602
1	3557	1066622
1	3557	1066624
1	3557	1066632
1	3557	1066644
1	3557	1066675
1	3557	1066711
1	3557	1066715
1	3557	1066733
1	3557	1066769
1	3557	1066777
1	3557	1066780
1	3557	1066783
1	3557	1066788
1	3557	1066816
1	3557	1066821
1	3557	1066830
1	3557	1066851
1	3557	1066857
1	3557	1066858
1	3557	1066875
1	3561	1067812
1	3561	1067822
1	3561	1067827
1	3561	1067846
1	3561	1067851
1	3561	1067876
1	3561	1067882
1	3561	1067884
1	3561	1067886
1	3561	1067892
1	3561	1067903
1	3561	1067909
1	3561	1067919
1	3561	1067943
1	3561	1067947
1	3561	1067953
1	3561	1067964
1	3561	1067967
1	3561	1067968
1	3561	1067976
1	3561	1067989
1	3561	1067990
1	3561	1067991
1	3561	1068009
1	3561	1068012
1	3561	1068013
1	3561	1068014
1	3561	1068046
1	3561	1068066
1	3561	1068072
1	3561	1068088
1	3565	1069004
1	3565	1069018
1	3565	1069031
1	3565	1069034
1	3565	1069039
1	3565	1069047
1	3565	1069053
1	3565	1069056
1	3565	1069081
1	3565	1069090
1	3565	1069108
1	3565	1069122
1	3565	1069123
1	3565	1069124
1	3565	1069130
1	3565	1069132
1	3565	1069174
1	3565	1069190
1	3565	1069194
1	3565	1069201
1	3565	1069211
1	3565	1069213
1	3565	1069221
1	3565	1069225
1	3565	1069233
1	3565	1069235
1	3565	1069240
1	3565	1069242
1	3565	1069247
1	3565	1069256
1	3565	1069259
1	3565	1069265
1	3565	1069274
1	3565	1069280
1	3565	1069290
1	4299	1289203
1	4299	1289204
1	4299	1289209
1	4299	1289271
1	4299	1289276
1	4299	1289277
1	4299	1289280
1	4299	1289283
1	4299	1289293
1	4299	1289300
1	4299	1289315
1	4299	1289325
1	4299	1289328
1	4299	1289331
1	4299	1289348
1	4299	1289354
1	4299	1289360
1	4299	1289379
1	4299	1289380
1	4299	1289408
1	4299	1289418
1	4299	1289419
1	4299	1289425
1	4299	1289464
1	4299	1289469
1	4299	1289471
1	4299	1289473
1	4299	1289474
1	4299	1289483
1	4299	1289487
1	4299	1289495
1	4306	1291302
1	4306	1291306
1	4306	1291312
1	4306	1291319
1	4306	1291323
1	4306	1291328
1	4306	1291340
1	4306	1291346
1	4306	1291355
1	4306	1291365
1	4306	1291370
1	4306	1291373
1	4306	1291376
1	4306	1291383
1	4306	1291402
1	4306	1291403
1	4306	1291413
1	4306	1291418
1	4306	1291426
1	4306	1291427
1	4306	1291431
1	4306	1291441
1	4306	1291459
1	4306	1291481
1	4306	1291493
1	4306	1291496
1	4306	1291531
1	4306	1291532
1	4306	1291534
1	4306	1291568
1	4306	1291570
1	4306	1291586
1	4307	1291604
1	4307	1291623
1	4307	1291634
1	4307	1291643
1	4307	1291644
1	4307	1291645
1	4307	1291652
1	4307	1291656
1	4307	1291672
1	4307	1291687
1	4307	1291688
1	4307	1291698
1	4307	1291706
1	4307	1291707
1	4307	1291712
1	4307	1291734
1	4307	1291738
1	4307	1291760
1	4307	1291764
1	4307	1291768
1	4307	1291788
1	4307	1291792
1	4307	1291804
1	4307	1291809
1	4307	1291813
1	4307	1291819
1	4307	1291827
1	4307	1291880
1	4307	1291889
1	4309	1292208
1	4309	1292211
1	4309	1292217
1	4309	1292218
1	4309	1292245
1	4309	1292265
1	4309	1292294
1	4309	1292337
1	4309	1292344
1	4309	1292346
1	4309	1292349
1	4309	1292364
1	4309	1292375
1	4309	1292385
1	4309	1292391
1	4309	1292400
1	4309	1292406
1	4309	1292421
1	4309	1292424
1	4309	1292437
1	4309	1292450
1	4309	1292453
1	4309	1292454
1	4309	1292486
1	4309	1292489
1	4309	1292491
1	4309	1292492
1	4312	1293101
1	4312	1293130
1	4312	1293132
1	4312	1293163
1	4312	1293166
1	4312	1293169
1	4312	1293175
1	4312	1293180
1	4312	1293194
1	4312	1293196
1	4312	1293209
1	4312	1293215
1	4312	1293222
1	4312	1293224
1	4312	1293236
1	4312	1293238
1	4312	1293264
1	4312	1293271
1	4312	1293275
1	4312	1293312
1	4312	1293332
1	4312	1293343
1	4312	1293361
1	4312	1293371
1	4312	1293375
1	4312	1293387
1	4313	1293404
1	4313	1293412
1	4313	1293430
1	4313	1293432
1	4313	1293433
1	4313	1293436
1	4313	1293438
1	4313	1293442
1	4313	1293477
1	4313	1293481
1	4313	1293482
1	4313	1293492
1	4313	1293493
1	4313	1293506
1	4313	1293512
1	4313	1293516
1	4313	1293518
1	4313	1293521
1	4313	1293555
1	4313	1293557
1	4313	1293564
1	4313	1293565
1	4313	1293570
1	4313	1293574
1	4313	1293624
1	4313	1293629
1	4313	1293654
1	4313	1293673
1	4313	1293680
1	4313	1293695
1	4313	1293700
1	4314	1293710
1	4314	1293711
1	4314	1293731
1	4314	1293733
1	4314	1293740
1	4314	1293742
1	4314	1293747
1	4314	1293756
1	4314	1293765
1	4314	1293769
1	4314	1293786
1	4314	1293796
1	4314	1293810
1	4314	1293818
1	4314	1293823
1	4314	1293825
1	4314	1293828
1	4314	1293835
1	4314	1293836
1	4314	1293839
1	4314	1293862
1	4314	1293864
1	4314	1293869
1	4314	1293873
1	4314	1293884
1	4314	1293886
1	4314	1293892
1	4314	1293899
1	4314	1293904
1	4314	1293912
1	4314	1293932
1	4314	1293947
1	4314	1293959
1	4314	1293969
1	4314	1293970
1	4314	1293982
1	4314	1293991
1	4314	1293995
1	4315	1294014
1	4315	1294037
1	4315	1294064
1	4315	1294069
1	4315	1294079
1	4315	1294096
1	4315	1294099
1	4315	1294100
1	4315	1294101
1	4315	1294135
1	4315	1294140
1	4315	1294142
1	4315	1294148
1	4315	1294164
1	4315	1294186
1	4315	1294217
1	4315	1294218
1	4315	1294220
1	4315	1294224
1	4315	1294232
1	4315	1294249
1	4315	1294250
1	4315	1294269
1	4315	1294283
1	5815	1743908
1	5815	1743910
1	5815	1743917
1	5815	1743919
1	5815	1743920
1	5815	1743931
1	5815	1743935
1	5815	1743936
1	5815	1743939
1	5815	1743944
1	5815	1743946
1	5815	1743966
1	5815	1743968
1	5815	1743988
1	5815	1743991
1	5815	1743997
1	5815	1744005
1	5815	1744012
1	5815	1744022
1	5815	1744026
1	5815	1744029
1	5815	1744031
1	5815	1744035
1	5815	1744044
1	5815	1744112
1	5815	1744123
1	5815	1744135
1	5815	1744141
1	5815	1744158
1	5815	1744162
1	5815	1744175
1	5815	1744176
1	5815	1744177
1	5815	1744181
1	5815	1744188
1	5815	1744192
1	5815	1744197
1	5815	1744200
1	5882	1764010
1	5882	1764020
1	5882	1764046
1	5882	1764047
1	5882	1764050
1	5882	1764051
1	5882	1764053
1	5882	1764054
1	5882	1764059
1	5882	1764075
1	5882	1764081
1	5882	1764086
1	5882	1764092
1	5882	1764107
1	5882	1764114
1	5882	1764116
1	5882	1764119
1	5882	1764124
1	5882	1764134
1	5882	1764146
1	5882	1764165
1	5882	1764166
1	5882	1764174
1	5882	1764222
1	5882	1764230
1	5882	1764233
1	5882	1764240
1	5882	1764242
1	5882	1764244
1	5882	1764260
1	5882	1764263
1	5882	1764276
1	5882	1764281
1	5882	1764282
1	5885	1764903
1	5885	1764912
1	5885	1764931
1	5885	1764940
1	5885	1764947
1	5885	1764959
1	5885	1764971
1	5885	1764981
1	5885	1764984
1	5885	1764995
1	5885	1764998
1	5885	1764999
1	5885	1765012
1	5885	1765020
1	5885	1765051
1	5885	1765056
1	5885	1765059
1	5885	1765070
1	5885	1765071
1	5885	1765079
1	5885	1765082
1	5885	1765104
1	5885	1765109
1	5885	1765120
1	5885	1765138
1	5885	1765142
1	5885	1765149
1	5885	1765159
1	5885	1765169
1	5885	1765195
1	5885	1765200
1	5886	1765202
1	5886	1765206
1	5886	1765208
1	5886	1765240
1	5886	1765250
1	5886	1765261
1	5886	1765266
1	5886	1765293
1	5886	1765297
1	5886	1765309
1	5886	1765325
1	5886	1765359
1	5886	1765360
1	5886	1765371
1	5886	1765379
1	5886	1765412
1	5886	1765419
1	5886	1765445
1	5886	1765447
1	5886	1765458
1	5886	1765464
1	5886	1765482
1	5886	1765491
1	5886	1765492
1	5887	1765517
1	5887	1765526
1	5887	1765527
1	5887	1765538
1	5887	1765544
1	5887	1765557
1	5887	1765569
1	5887	1765571
1	5887	1765575
1	5887	1765580
1	5887	1765581
1	5887	1765589
1	5887	1765590
1	5887	1765591
1	5887	1765599
1	5887	1765602
1	5887	1765619
1	5887	1765639
1	5887	1765640
1	5887	1765645
1	5887	1765647
1	5887	1765658
1	5887	1765660
1	5887	1765672
1	5887	1765680
1	5887	1765695
1	5887	1765713
1	5887	1765718
1	5887	1765721
1	5887	1765730
1	5887	1765750
1	5887	1765753
1	5887	1765777
1	5887	1765787
1	5887	1765796
1	6100	1829412
1	6100	1829419
1	6100	1829423
1	6100	1829440
1	6100	1829446
1	6100	1829465
1	6100	1829467
1	6100	1829477
1	6100	1829481
1	6100	1829487
1	6100	1829524
1	6100	1829530
1	6100	1829538
1	6100	1829552
1	6100	1829554
1	6100	1829564
1	6100	1829573
1	6100	1829574
1	6100	1829576
1	6100	1829600
1	6100	1829609
1	6100	1829614
1	6100	1829617
1	6100	1829631
1	6100	1829638
1	6100	1829654
1	6100	1829676
1	6100	1829680
1	6100	1829687
1	6100	1829689
1	6100	1829690
1	6164	1848601
1	6164	1848606
1	6164	1848612
1	6164	1848615
1	6164	1848629
1	6164	1848632
1	6164	1848636
1	6164	1848642
1	6164	1848647
1	6164	1848652
1	6164	1848654
1	6164	1848660
1	6164	1848664
1	6164	1848670
1	6164	1848682
1	6164	1848705
1	6164	1848720
1	6164	1848722
1	6164	1848727
1	6164	1848755
1	6164	1848756
1	6164	1848766
1	6164	1848794
1	6164	1848814
1	6164	1848822
1	6164	1848825
1	6164	1848839
1	6164	1848844
1	6164	1848862
1	6164	1848868
1	6164	1848889
1	6164	1848900
1	6171	1850701
1	6171	1850734
1	6171	1850746
1	6171	1850748
1	6171	1850753
1	6171	1850770
1	6171	1850773
1	6171	1850786
1	6171	1850795
1	6171	1850798
1	6171	1850801
1	6171	1850811
1	6171	1850853
1	6171	1850855
1	6171	1850856
1	6171	1850861
1	6171	1850870
1	6171	1850901
1	6171	1850924
1	6171	1850926
1	6171	1850930
1	6171	1850932
1	6171	1850965
1	6171	1850976
1	6171	1850985
1	6171	1850987
1	7126	2137115
1	7126	2137123
1	7126	2137124
1	7126	2137132
1	7126	2137141
1	7126	2137160
1	7126	2137169
1	7126	2137178
1	7126	2137181
1	7126	2137204
1	7126	2137248
1	7126	2137253
1	7126	2137261
1	7126	2137311
1	7126	2137324
1	7126	2137333
1	7126	2137346
1	7126	2137354
1	7126	2137355
1	7126	2137358
1	7126	2137362
1	7126	2137391
1	7126	2137394
1	7126	2137395
1	12268	3679402
1	12268	3679406
1	12268	3679417
1	12268	3679428
1	12268	3679432
1	12268	3679438
1	12268	3679496
1	12268	3679501
1	12268	3679517
1	12268	3679520
1	12268	3679522
1	12268	3679524
1	12268	3679545
1	12268	3679547
1	12268	3679552
1	12268	3679568
1	12268	3679577
1	12268	3679581
1	12268	3679613
1	12268	3679621
1	12268	3679627
1	12268	3679632
1	12268	3679657
1	12268	3679676
1	12268	3679684
1	12268	3679688
1	12268	3679696
1	12268	3679697
1	13158	3946413
1	13158	3946417
1	13158	3946418
1	13158	3946422
1	13158	3946429
1	13158	3946442
1	13158	3946447
1	13158	3946448
1	13158	3946452
1	13158	3946470
1	13158	3946473
1	13158	3946482
1	13158	3946485
1	13158	3946487
1	13158	3946503
1	13158	3946508
1	13158	3946523
1	13158	3946529
1	13158	3946535
1	13158	3946539
1	13158	3946549
1	13158	3946557
1	13158	3946560
1	13158	3946569
1	13158	3946583
1	13158	3946587
1	13158	3946603
1	13158	3946607
1	13158	3946609
1	13158	3946632
1	13158	3946644
1	13158	3946653
1	13158	3946661
1	13158	3946674
1	13158	3946682
1	13158	3946685
1	13158	3946689
1	13158	3946698
1	13524	4056116
1	13524	4056123
1	13524	4056137
1	13524	4056139
1	13524	4056140
1	13524	4056155
1	13524	4056169
1	13524	4056194
1	13524	4056200
1	13524	4056206
1	13524	4056207
1	13524	4056218
1	13524	4056219
1	13524	4056231
1	13524	4056232
1	13524	4056240
1	13524	4056246
1	13524	4056268
1	13524	4056274
1	13524	4056281
1	13524	4056282
1	13524	4056290
1	13524	4056293
1	13524	4056295
1	13524	4056307
1	13524	4056312
1	13524	4056322
1	13524	4056327
1	13524	4056331
1	13524	4056335
1	13524	4056343
1	13524	4056345
1	13524	4056347
1	13524	4056348
1	13524	4056360
1	13524	4056371
1	13524	4056378
1	13524	4056398
1	13641	4091208
1	13641	4091210
1	13641	4091216
1	13641	4091220
1	13641	4091223
1	13641	4091234
1	13641	4091237
1	13641	4091251
1	13641	4091254
1	13641	4091255
1	13641	4091262
1	13641	4091276
1	13641	4091277
1	13641	4091281
1	13641	4091282
1	13641	4091283
1	13641	4091298
1	13641	4091299
1	13641	4091300
1	13641	4091303
1	13641	4091307
1	13641	4091309
1	13641	4091317
1	13641	4091345
1	13641	4091347
1	13641	4091348
1	13641	4091358
1	13641	4091384
1	13641	4091385
1	13641	4091397
1	13641	4091413
1	13641	4091428
1	13641	4091435
1	13641	4091440
1	13641	4091446
1	13641	4091480
1	13641	4091482
1	13641	4091500
1	13735	4119407
1	13735	4119417
1	13735	4119425
1	13735	4119446
1	13735	4119447
1	13735	4119453
1	13735	4119461
1	13735	4119470
1	13735	4119485
1	13735	4119487
1	13735	4119497
1	13735	4119520
1	13735	4119524
1	13735	4119525
1	13735	4119528
1	13735	4119535
1	13735	4119538
1	13735	4119539
1	13735	4119548
1	13735	4119583
1	13735	4119584
1	13735	4119587
1	13735	4119598
1	13735	4119608
1	13735	4119609
1	13735	4119625
1	13735	4119640
1	13735	4119645
1	13735	4119647
1	13735	4119667
1	13735	4119674
1	13735	4119694
1	13966	4188733
1	13966	4188734
1	13966	4188740
1	13966	4188745
1	13966	4188757
1	13966	4188760
1	13966	4188764
1	13966	4188790
1	13966	4188792
1	13966	4188800
1	13966	4188802
1	13966	4188817
1	13966	4188818
1	13966	4188819
1	13966	4188823
1	13966	4188828
1	13966	4188847
1	13966	4188859
1	13966	4188902
1	13966	4188921
1	13966	4188923
1	13966	4188936
1	13966	4188939
1	13966	4188945
1	13966	4188946
1	13966	4188952
1	13966	4188970
1	13966	4188971
1	13966	4188976
1	13966	4188994
1	13966	4188997
1	13966	4188998
1	14013	4202813
1	14013	4202835
1	14013	4202854
1	14013	4202855
1	14013	4202860
1	14013	4202864
1	14013	4202877
1	14013	4202881
1	14013	4202893
1	14013	4202894
1	14013	4202912
1	14013	4202915
1	14013	4202928
1	14013	4202940
1	14013	4202945
1	14013	4202976
1	14013	4202984
1	14013	4202991
1	14013	4202996
1	14013	4202997
1	14013	4203001
1	14013	4203018
1	14013	4203021
1	14013	4203027
1	14013	4203040
1	14013	4203043
1	14013	4203061
1	14013	4203068
1	14013	4203075
1	14013	4203085
1	14013	4203099
1	7753	2325207
1	7753	2325208
1	7753	2325212
1	7753	2325223
1	7753	2325226
1	7753	2325233
1	7753	2325257
1	7753	2325260
1	7753	2325264
1	7753	2325282
1	7753	2325289
1	7753	2325304
1	7753	2325308
1	7753	2325313
1	7753	2325322
1	7753	2325324
1	7753	2325336
1	7753	2325346
1	7753	2325358
1	7753	2325364
1	7753	2325365
1	7753	2325388
1	7753	2325404
1	7753	2325453
1	7753	2325499
1	7758	2326739
1	7758	2326742
1	7758	2326747
1	7758	2326757
1	7758	2326785
1	7758	2326788
1	7758	2326804
1	7758	2326808
1	7758	2326825
1	7758	2326831
1	7758	2326850
1	7758	2326859
1	7758	2326860
1	7758	2326861
1	7758	2326871
1	7758	2326872
1	7758	2326883
1	7758	2326885
1	7758	2326894
1	7758	2326905
1	7758	2326915
1	7758	2326927
1	7758	2326943
1	7758	2326945
1	7758	2326949
1	7758	2326952
1	7758	2326971
1	7758	2326973
1	7758	2326989
1	7758	2326990
1	7759	2327064
1	7759	2327067
1	7759	2327087
1	7759	2327102
1	7759	2327106
1	7759	2327123
1	7759	2327124
1	7759	2327128
1	7759	2327130
1	7759	2327134
1	7759	2327156
1	7759	2327158
1	7759	2327159
1	7759	2327194
1	7759	2327205
1	7759	2327207
1	7759	2327256
1	7759	2327257
1	7759	2327268
1	7759	2327291
1	7759	2327293
1	7764	2328530
1	7764	2328536
1	7764	2328537
1	7764	2328563
1	7764	2328573
1	7764	2328583
1	7764	2328614
1	7764	2328615
1	7764	2328617
1	7764	2328619
1	7764	2328640
1	7764	2328655
1	7764	2328662
1	7764	2328670
1	7764	2328688
1	7764	2328690
1	7764	2328696
1	7764	2328709
1	7764	2328717
1	7764	2328719
1	7764	2328770
1	7764	2328785
1	7768	2329721
1	7768	2329722
1	7768	2329732
1	7768	2329734
1	7768	2329782
1	7768	2329787
1	7768	2329795
1	7768	2329801
1	7768	2329813
1	7768	2329825
1	7768	2329826
1	7768	2329828
1	7768	2329830
1	7768	2329848
1	7768	2329877
1	7768	2329887
1	7768	2329890
1	7768	2329895
1	7768	2329903
1	7768	2329913
1	7768	2329924
1	7768	2329925
1	7768	2329931
1	7768	2329946
1	7768	2329950
1	7768	2329954
1	7768	2329958
1	7768	2329967
1	7768	2329968
1	7768	2329991
1	7770	2330309
1	7770	2330338
1	7770	2330344
1	7770	2330357
1	7770	2330358
1	7770	2330378
1	7770	2330408
1	7770	2330411
1	7770	2330431
1	7770	2330437
1	7770	2330440
1	7770	2330450
1	7770	2330459
1	7770	2330460
1	7770	2330474
1	7770	2330477
1	7770	2330490
1	7770	2330491
1	7770	2330497
1	7770	2330505
1	7770	2330512
1	7770	2330520
1	7770	2330530
1	7770	2330551
1	7770	2330565
1	7771	2330612
1	7771	2330631
1	7771	2330638
1	7771	2330643
1	7771	2330644
1	7771	2330650
1	7771	2330656
1	7771	2330669
1	7771	2330700
1	7771	2330704
1	7771	2330710
1	7771	2330714
1	7771	2330726
1	7771	2330738
1	7771	2330740
1	7771	2330743
1	7771	2330755
1	7771	2330757
1	7771	2330767
1	7771	2330769
1	7771	2330790
1	7771	2330801
1	7771	2330804
1	7771	2330810
1	7771	2330811
1	7771	2330813
1	7771	2330865
1	7771	2330880
1	7771	2330899
1	7775	2331801
1	7775	2331809
1	7775	2331811
1	7775	2331842
1	7775	2331845
1	7775	2331872
1	7775	2331880
1	7775	2331884
1	7775	2331886
1	7775	2331901
1	7775	2331930
1	7775	2331943
1	7775	2331951
1	7775	2331959
1	7775	2331963
1	7775	2331975
1	7775	2331979
1	7775	2331982
1	7775	2332022
1	7775	2332032
1	7775	2332034
1	7775	2332040
1	7775	2332041
1	7775	2332045
1	7775	2332051
1	7775	2332067
1	7775	2332083
1	7775	2332097
1	7827	2347403
1	7827	2347417
1	7827	2347418
1	7827	2347427
1	7827	2347436
1	7827	2347439
1	7827	2347451
1	7827	2347457
1	7827	2347460
1	7827	2347465
1	7827	2347468
1	7827	2347477
1	7827	2347478
1	7827	2347493
1	7827	2347495
1	7827	2347497
1	7827	2347498
1	7827	2347501
1	7827	2347513
1	7827	2347523
1	7827	2347524
1	7827	2347534
1	7827	2347539
1	7827	2347557
1	7827	2347568
1	7827	2347592
1	7827	2347598
1	7827	2347603
1	7827	2347607
1	7827	2347627
1	7827	2347630
1	7827	2347631
1	7827	2347632
1	7827	2347647
1	7827	2347650
1	7827	2347652
1	7827	2347662
1	7827	2347689
1	7827	2347698
1	7831	2348610
1	7831	2348613
1	7831	2348618
1	7831	2348620
1	7831	2348624
1	7831	2348641
1	7831	2348655
1	7831	2348660
1	7831	2348690
1	7831	2348711
1	7831	2348723
1	7831	2348730
1	7831	2348740
1	7831	2348773
1	7831	2348774
1	7831	2348781
1	7831	2348785
1	7831	2348789
1	7831	2348809
1	7831	2348810
1	7831	2348819
1	7831	2348825
1	7831	2348827
1	7831	2348834
1	7831	2348862
1	7831	2348868
1	7831	2348874
1	7831	2348900
1	7835	2349814
1	7835	2349825
1	7835	2349838
1	7835	2349841
1	7835	2349855
1	7835	2349863
1	7835	2349868
1	7835	2349870
1	7835	2349871
1	7835	2349872
1	7835	2349881
1	7835	2349884
1	7835	2349892
1	7835	2349900
1	7835	2349911
1	7835	2349923
1	7835	2349927
1	7835	2349929
1	7835	2349948
1	7835	2349953
1	7835	2349977
1	7835	2349980
1	7835	2349981
1	7835	2349985
1	7835	2349991
1	7835	2350008
1	7835	2350013
1	7835	2350014
1	7835	2350015
1	7835	2350024
1	7835	2350026
1	7835	2350040
1	7835	2350042
1	7835	2350061
1	7835	2350067
1	7835	2350083
1	7841	2351606
1	7841	2351615
1	7841	2351619
1	7841	2351633
1	7841	2351650
1	7841	2351660
1	7841	2351667
1	7841	2351672
1	7841	2351686
1	7841	2351692
1	7841	2351715
1	7841	2351724
1	7841	2351750
1	7841	2351751
1	7841	2351754
1	7841	2351762
1	7841	2351780
1	7841	2351800
1	7841	2351833
1	7841	2351851
1	7841	2351853
1	7841	2351862
1	7841	2351874
1	7841	2351892
1	7841	2351893
1	7842	2351909
1	7842	2351926
1	7842	2351936
1	7842	2351944
1	7842	2351948
1	7842	2351951
1	7842	2351954
1	7842	2351958
1	7842	2351986
1	7842	2351994
1	7842	2352001
1	7842	2352006
1	7842	2352011
1	7842	2352014
1	7842	2352015
1	7842	2352036
1	7842	2352038
1	7842	2352051
1	7842	2352053
1	7842	2352056
1	7842	2352063
1	7842	2352098
1	7842	2352101
1	7842	2352103
1	7842	2352106
1	7842	2352113
1	7842	2352126
1	7842	2352133
1	7842	2352135
1	7842	2352138
1	7842	2352158
1	7842	2352175
1	7846	2353106
1	7846	2353109
1	7846	2353126
1	7846	2353133
1	7846	2353134
1	7846	2353149
1	7846	2353153
1	7846	2353157
1	7846	2353165
1	7846	2353192
1	7846	2353193
1	7846	2353214
1	7846	2353226
1	7846	2353235
1	7846	2353249
1	7846	2353257
1	7846	2353260
1	7846	2353266
1	7846	2353298
1	7846	2353300
1	7846	2353317
1	7846	2353335
1	7846	2353339
1	7846	2353343
1	7846	2353348
1	7846	2353355
1	7846	2353376
1	7851	2354601
1	7851	2354605
1	7851	2354607
1	7851	2354608
1	7851	2354617
1	7851	2354630
1	7851	2354642
1	7851	2354647
1	7851	2354651
1	7851	2354653
1	7851	2354656
1	7851	2354658
1	7851	2354677
1	7851	2354678
1	7851	2354683
1	7851	2354689
1	7851	2354692
1	7851	2354698
1	7851	2354704
1	7851	2354727
1	7851	2354735
1	7851	2354773
1	7851	2354777
1	7851	2354778
1	7851	2354789
1	7851	2354790
1	7851	2354855
1	7851	2354865
1	7851	2354866
1	7851	2354884
1	7851	2354887
1	7851	2354889
1	7851	2354890
1	7851	2354892
1	7867	2359407
1	7867	2359418
1	7867	2359421
1	7867	2359426
1	7867	2359427
1	7867	2359430
1	7867	2359433
1	7867	2359447
1	7867	2359464
1	7867	2359467
1	7867	2359484
1	7867	2359486
1	7867	2359498
1	7867	2359513
1	7867	2359514
1	7867	2359517
1	7867	2359525
1	7867	2359530
1	7867	2359533
1	7867	2359556
1	7867	2359572
1	7867	2359576
1	7867	2359586
1	7867	2359600
1	7867	2359645
1	7867	2359667
1	7867	2359695
1	7867	2359700
1	9788	2935603
1	9788	2935604
1	9788	2935616
1	9788	2935625
1	9788	2935626
1	9788	2935627
1	9788	2935645
1	9788	2935647
1	9788	2935651
1	9788	2935653
1	9788	2935696
1	9788	2935703
1	9788	2935717
1	9788	2935733
1	9788	2935742
1	9788	2935745
1	9788	2935746
1	9788	2935765
1	9788	2935772
1	9788	2935784
1	9788	2935786
1	9788	2935791
1	9788	2935795
1	9788	2935801
1	9788	2935813
1	9788	2935848
1	9788	2935849
1	9788	2935875
1	9788	2935884
1	9788	2935887
1	9788	2935897
1	9788	2935900
1	9803	2940111
1	9803	2940113
1	9803	2940126
1	9803	2940140
1	9803	2940148
1	9803	2940150
1	9803	2940156
1	9803	2940168
1	9803	2940186
1	9803	2940194
1	9803	2940211
1	9803	2940215
1	9803	2940222
1	9803	2940239
1	9803	2940242
1	9803	2940245
1	9803	2940259
1	9803	2940279
1	9803	2940283
1	9803	2940293
1	9803	2940302
1	9803	2940307
1	9803	2940314
1	9803	2940319
1	9803	2940338
1	9803	2940343
1	9803	2940354
1	9803	2940363
1	9803	2940365
1	9803	2940367
1	9803	2940369
1	9803	2940378
1	9803	2940379
1	9803	2940380
1	9803	2940381
1	9803	2940389
1	9803	2940390
1	9803	2940400
1	9805	2940703
1	9805	2940713
1	9805	2940715
1	9805	2940721
1	9805	2940723
1	9805	2940726
1	9805	2940733
1	9805	2940775
1	9805	2940783
1	9805	2940785
1	9805	2940790
1	9805	2940810
1	9805	2940811
1	9805	2940823
1	9805	2940835
1	9805	2940864
1	9805	2940874
1	9805	2940884
1	9805	2940910
1	9805	2940915
1	9805	2940926
1	9805	2940928
1	9805	2940931
1	9805	2940958
1	9805	2940981
1	9805	2940984
1	9805	2940986
1	9805	2940998
1	9815	2943703
1	9815	2943705
1	9815	2943733
1	9815	2943744
1	9815	2943745
1	9815	2943753
1	9815	2943754
1	9815	2943798
1	9815	2943803
1	9815	2943813
1	9815	2943830
1	9815	2943841
1	9815	2943845
1	9815	2943858
1	9815	2943866
1	9815	2943888
1	9815	2943893
1	9815	2943894
1	9815	2943920
1	9815	2943941
1	9815	2943947
1	9815	2943970
1	9815	2943971
1	9815	2943999
1	9821	2945506
1	9821	2945536
1	9821	2945537
1	9821	2945544
1	9821	2945547
1	9821	2945560
1	9821	2945568
1	9821	2945569
1	9821	2945578
1	9821	2945585
1	9821	2945587
1	9821	2945593
1	9821	2945612
1	9821	2945616
1	9821	2945625
1	9821	2945627
1	9821	2945644
1	9821	2945645
1	9821	2945657
1	9821	2945658
1	9821	2945681
1	9821	2945683
1	9821	2945684
1	9821	2945685
1	9821	2945686
1	9821	2945689
1	9821	2945690
1	9821	2945694
1	9821	2945708
1	9821	2945712
1	9821	2945713
1	9821	2945719
1	9821	2945721
1	9821	2945724
1	9821	2945730
1	9821	2945731
1	9821	2945732
1	9821	2945742
1	9821	2945753
1	9821	2945755
1	9821	2945757
1	9821	2945780
1	10159	3046803
1	10159	3046807
1	10159	3046818
1	10159	3046821
1	10159	3046827
1	10159	3046852
1	10159	3046866
1	10159	3046869
1	10159	3046881
1	10159	3046891
1	10159	3046905
1	10159	3046915
1	10159	3046929
1	10159	3046930
1	10159	3046958
1	10159	3046967
1	10159	3046979
1	10159	3046994
1	10159	3047004
1	10159	3047018
1	10159	3047032
1	10159	3047042
1	10159	3047046
1	10159	3047050
1	10159	3047060
1	10159	3047078
1	10159	3047086
1	10159	3047092
1	10233	3069002
1	10233	3069009
1	10233	3069012
1	10233	3069016
1	10233	3069024
1	10233	3069033
1	10233	3069049
1	10233	3069053
1	10233	3069058
1	10233	3069064
1	10233	3069074
1	10233	3069087
1	10233	3069089
1	10233	3069112
1	10233	3069158
1	10233	3069160
1	10233	3069163
1	10233	3069172
1	10233	3069206
1	10233	3069219
1	10233	3069240
1	10233	3069244
1	10233	3069246
1	10233	3069250
1	10233	3069253
1	10233	3069258
1	10233	3069261
1	10233	3069276
1	10233	3069292
1	10238	3070510
1	10238	3070531
1	10238	3070532
1	10238	3070546
1	10238	3070557
1	10238	3070561
1	10238	3070575
1	10238	3070592
1	10238	3070617
1	10238	3070619
1	10238	3070644
1	10238	3070704
1	10238	3070728
1	10238	3070745
1	10238	3070748
1	10238	3070753
1	10238	3070756
1	10238	3070758
1	10238	3070765
1	10238	3070775
1	10238	3070781
1	10238	3070782
1	10238	3070784
1	10238	3070788
1	10088	3025507
1	10088	3025537
1	10088	3025543
1	10088	3025548
1	10088	3025556
1	10088	3025557
1	10088	3025620
1	10088	3025626
1	10088	3025658
1	10088	3025665
1	10088	3025666
1	10088	3025684
1	10088	3025704
1	10088	3025706
1	10088	3025717
1	10088	3025740
1	10088	3025748
1	10088	3025751
1	10088	3025754
1	10088	3025756
1	10088	3025769
1	10104	3030315
1	10104	3030320
1	10104	3030328
1	10104	3030340
1	10104	3030371
1	10104	3030378
1	10104	3030383
1	10104	3030395
1	10104	3030402
1	10104	3030409
1	10104	3030467
1	10104	3030469
1	10104	3030479
1	10104	3030495
1	10104	3030498
1	10104	3030514
1	10104	3030520
1	10104	3030522
1	10104	3030541
1	10104	3030543
1	10104	3030544
1	10104	3030545
1	10104	3030546
1	10104	3030550
1	10104	3030557
1	10104	3030563
1	10104	3030569
1	10104	3030580
1	10104	3030581
1	10104	3030584
1	10106	3030933
1	10106	3030948
1	10106	3030949
1	10106	3030986
1	10106	3030995
1	10106	3030997
1	10106	3031018
1	10106	3031028
1	10106	3031029
1	10106	3031049
1	10106	3031063
1	10106	3031066
1	10106	3031077
1	10106	3031078
1	10106	3031084
1	10106	3031102
1	10106	3031107
1	10106	3031127
1	10106	3031132
1	10106	3031139
1	10106	3031145
1	10106	3031146
1	10106	3031149
1	10106	3031152
1	10106	3031168
1	10106	3031175
1	10106	3031179
1	10106	3031191
1	10203	3060016
1	10203	3060035
1	10203	3060040
1	10203	3060054
1	10203	3060055
1	10203	3060064
1	10203	3060073
1	10203	3060077
1	10203	3060079
1	10203	3060093
1	10203	3060095
1	10203	3060109
1	10203	3060111
1	10203	3060134
1	10203	3060141
1	10203	3060157
1	10203	3060160
1	10203	3060162
1	10203	3060164
1	10203	3060168
1	10203	3060173
1	10203	3060178
1	10203	3060180
1	10203	3060181
1	10203	3060188
1	10203	3060198
1	10203	3060206
1	10203	3060208
1	10203	3060218
1	10203	3060230
1	10203	3060238
1	10203	3060268
1	10203	3060269
1	10204	3060303
1	10204	3060309
1	10204	3060322
1	10204	3060329
1	10204	3060333
1	10204	3060346
1	10204	3060352
1	10204	3060356
1	10204	3060372
1	10204	3060391
1	10204	3060396
1	10204	3060407
1	10204	3060430
1	10204	3060432
1	10204	3060440
1	10204	3060451
1	10204	3060453
1	10204	3060461
1	10204	3060471
1	10204	3060474
1	10204	3060493
1	10204	3060496
1	10204	3060501
1	10204	3060502
1	10204	3060505
1	10204	3060513
1	10204	3060518
1	10204	3060527
1	10204	3060532
1	10204	3060535
1	10204	3060551
1	10204	3060561
1	10204	3060580
1	10305	3090620
1	10305	3090622
1	10305	3090659
1	10305	3090660
1	10305	3090668
1	10305	3090686
1	10305	3090703
1	10305	3090718
1	10305	3090737
1	10305	3090740
1	10305	3090748
1	10305	3090767
1	10305	3090773
1	10305	3090778
1	10305	3090781
1	10305	3090793
1	10305	3090794
1	10305	3090816
1	10305	3090835
1	10305	3090854
1	10305	3090875
1	10305	3090876
1	10305	3090890
1	10305	3090900
1	10364	3108310
1	10364	3108316
1	10364	3108332
1	10364	3108343
1	10364	3108376
1	10364	3108383
1	10364	3108406
1	10364	3108410
1	10364	3108413
1	10364	3108417
1	10364	3108425
1	10364	3108427
1	10364	3108433
1	10364	3108447
1	10364	3108456
1	10364	3108461
1	10364	3108472
1	10364	3108474
1	10364	3108492
1	10364	3108508
1	10364	3108513
1	10364	3108518
1	10364	3108529
1	10364	3108539
1	10364	3108542
1	10364	3108548
1	10364	3108563
1	10364	3108564
1	10364	3108573
1	10364	3108596
1	10413	3123003
1	10413	3123016
1	10413	3123027
1	10413	3123031
1	10413	3123043
1	10413	3123048
1	10413	3123084
1	10413	3123113
1	10413	3123132
1	10413	3123135
1	10413	3123141
1	10413	3123142
1	10413	3123151
1	10413	3123165
1	10413	3123173
1	10413	3123176
1	10413	3123178
1	10413	3123189
1	10413	3123193
1	10413	3123201
1	10413	3123219
1	10413	3123221
1	10413	3123231
1	10413	3123241
1	10413	3123246
1	10413	3123264
1	10413	3123276
1	10413	3123279
1	10413	3123281
1	10413	3123292
1	10413	3123300
1	10462	3137702
1	10462	3137704
1	10462	3137713
1	10462	3137734
1	10462	3137744
1	10462	3137765
1	10462	3137769
1	10462	3137789
1	10462	3137796
1	10462	3137834
1	10462	3137843
1	10462	3137853
1	10462	3137855
1	10462	3137886
1	10462	3137904
1	10462	3137908
1	10462	3137915
1	10462	3137918
1	10462	3137923
1	10462	3137925
1	10462	3137947
1	10462	3137961
1	10462	3137968
1	10462	3137974
1	10462	3137980
1	10462	3138000
1	10465	3138622
1	10465	3138627
1	10465	3138635
1	10465	3138637
1	10465	3138644
1	10465	3138669
1	10465	3138686
1	10465	3138691
1	10465	3138694
1	10465	3138695
1	10465	3138696
1	10465	3138710
1	10465	3138712
1	10465	3138719
1	10465	3138731
1	10465	3138740
1	10465	3138747
1	10465	3138758
1	10465	3138769
1	10465	3138808
1	10465	3138811
1	10465	3138816
1	10465	3138835
1	10465	3138838
1	10465	3138842
1	10465	3138845
1	10465	3138849
1	10465	3138850
1	10465	3138880
1	10465	3138885
1	10465	3138887
1	10801	3239403
1	10801	3239424
1	10801	3239467
1	10801	3239468
1	10801	3239489
1	10801	3239505
1	10801	3239527
1	10801	3239542
1	10801	3239554
1	10801	3239556
1	10801	3239557
1	10801	3239561
1	10801	3239574
1	10801	3239578
1	10801	3239585
1	10801	3239591
1	10801	3239595
1	10801	3239608
1	10801	3239623
1	10801	3239641
1	10801	3239680
1	10801	3239685
1	10801	3239698
1	10980	3293101
1	10980	3293105
1	10980	3293118
1	10980	3293141
1	10980	3293144
1	10980	3293152
1	10980	3293165
1	10980	3293166
1	10980	3293167
1	10980	3293184
1	10980	3293193
1	10980	3293201
1	10980	3293213
1	10980	3293217
1	10980	3293237
1	10980	3293238
1	10980	3293240
1	10980	3293265
1	10980	3293276
1	10980	3293280
1	10980	3293285
1	10980	3293289
1	10980	3293298
1	10980	3293301
1	10980	3293327
1	10980	3293332
1	10980	3293335
1	10980	3293353
1	10980	3293372
1	10980	3293392
1	10980	3293396
1	10986	3294910
1	10986	3294916
1	10986	3294917
1	10986	3294926
1	10986	3294933
1	10986	3294944
1	10986	3294946
1	10986	3294952
1	10986	3294954
1	10986	3294955
1	10986	3294961
1	10986	3294975
1	10986	3295004
1	10986	3295005
1	10986	3295020
1	10986	3295022
1	10986	3295031
1	10986	3295060
1	10986	3295061
1	10986	3295063
1	10986	3295076
1	10986	3295077
1	10986	3295086
1	10986	3295087
1	10986	3295101
1	10986	3295105
1	10986	3295119
1	10986	3295142
1	10986	3295177
1	10986	3295178
1	10986	3295179
1	10986	3295180
1	10986	3295188
1	10986	3295197
1	10987	3295203
1	10987	3295204
1	10987	3295210
1	10987	3295213
1	10987	3295247
1	10987	3295250
1	10987	3295257
1	10987	3295258
1	10987	3295266
1	10987	3295272
1	10987	3295298
1	10987	3295310
1	10987	3295353
1	10987	3295355
1	10987	3295362
1	10987	3295380
1	10987	3295391
1	10987	3295394
1	10987	3295404
1	10987	3295420
1	10987	3295428
1	10987	3295431
1	10987	3295446
1	10987	3295457
1	10987	3295459
1	10987	3295476
1	10987	3295487
1	10992	3296713
1	10992	3296718
1	10992	3296739
1	10992	3296754
1	10992	3296765
1	10992	3296769
1	10992	3296772
1	10992	3296774
1	10992	3296775
1	10992	3296780
1	10992	3296781
1	10992	3296788
1	10992	3296791
1	10992	3296806
1	10992	3296808
1	10992	3296809
1	10992	3296834
1	10992	3296841
1	10992	3296846
1	10992	3296855
1	10992	3296861
1	10992	3296882
1	10992	3296885
1	10992	3296908
1	10992	3296910
1	10992	3296913
1	10992	3296923
1	10992	3296928
1	10992	3296944
1	10992	3296959
1	10992	3296979
1	12373	3710910
1	12373	3710935
1	12373	3710988
1	12373	3710995
1	12373	3710997
1	12373	3711048
1	12373	3711053
1	12373	3711061
1	12373	3711074
1	12373	3711077
1	12373	3711080
1	12373	3711089
1	12373	3711107
1	12373	3711120
1	12373	3711126
1	12373	3711131
1	12373	3711150
1	12373	3711199
1	12373	3711200
1	11079	3322802
1	11079	3322821
1	11079	3322825
1	11079	3322834
1	11079	3322855
1	11079	3322863
1	11079	3322873
1	11079	3322876
1	11079	3322880
1	11079	3322881
1	11079	3322893
1	11079	3322894
1	11079	3322896
1	11079	3322904
1	11079	3322922
1	11079	3322925
1	11079	3322926
1	11079	3322929
1	11079	3322952
1	11079	3322957
1	11079	3322976
1	11079	3322983
1	11079	3323005
1	11079	3323014
1	11079	3323015
1	11079	3323038
1	11079	3323042
1	11079	3323046
1	11079	3323054
1	11079	3323058
1	11079	3323074
1	11079	3323084
1	11079	3323085
1	11079	3323091
1	11080	3323116
1	11080	3323119
1	11080	3323134
1	11080	3323152
1	11080	3323162
1	11080	3323166
1	11080	3323184
1	11080	3323196
1	11080	3323199
1	11080	3323210
1	11080	3323218
1	11080	3323220
1	11080	3323234
1	11080	3323245
1	11080	3323251
1	11080	3323261
1	11080	3323263
1	11080	3323273
1	11080	3323280
1	11080	3323291
1	11080	3323299
1	11080	3323300
1	11080	3323303
1	11080	3323314
1	11080	3323315
1	11080	3323318
1	11080	3323327
1	11080	3323330
1	11080	3323349
1	11080	3323369
1	11080	3323370
1	11080	3323383
1	11080	3323394
1	11084	3324319
1	11084	3324320
1	11084	3324325
1	11084	3324327
1	11084	3324340
1	11084	3324368
1	11084	3324369
1	11084	3324386
1	11084	3324390
1	11084	3324391
1	11084	3324413
1	11084	3324428
1	11084	3324432
1	11084	3324438
1	11084	3324442
1	11084	3324461
1	11084	3324485
1	11084	3324522
1	11084	3324539
1	11084	3324547
1	11084	3324565
1	11084	3324573
1	11084	3324580
1	11084	3324583
1	11084	3324587
1	11084	3324595
1	11088	3325509
1	11088	3325512
1	11088	3325529
1	11088	3325532
1	11088	3325537
1	11088	3325545
1	11088	3325547
1	11088	3325556
1	11088	3325560
1	11088	3325572
1	11088	3325583
1	11088	3325592
1	11088	3325598
1	11088	3325602
1	11088	3325614
1	11088	3325627
1	11088	3325632
1	11088	3325640
1	11088	3325649
1	11088	3325671
1	11088	3325674
1	11088	3325675
1	11088	3325701
1	11088	3325704
1	11088	3325713
1	11088	3325721
1	11088	3325725
1	11088	3325727
1	11088	3325729
1	11088	3325730
1	11088	3325748
1	11088	3325781
1	11088	3325791
1	11095	3327617
1	11095	3327637
1	11095	3327643
1	11095	3327656
1	11095	3327670
1	11095	3327689
1	11095	3327690
1	11095	3327724
1	11095	3327742
1	11095	3327761
1	11095	3327765
1	11095	3327771
1	11095	3327775
1	11095	3327781
1	11095	3327785
1	11095	3327828
1	11095	3327854
1	11095	3327860
1	11095	3327862
1	11095	3327883
1	11095	3327888
1	11100	3329106
1	11100	3329128
1	11100	3329135
1	11100	3329154
1	11100	3329157
1	11100	3329161
1	11100	3329177
1	11100	3329181
1	11100	3329207
1	11100	3329220
1	11100	3329228
1	11100	3329236
1	11100	3329242
1	11100	3329255
1	11100	3329257
1	11100	3329270
1	11100	3329275
1	11100	3329285
1	11100	3329298
1	11100	3329304
1	11100	3329309
1	11100	3329328
1	11100	3329329
1	11100	3329352
1	11100	3329354
1	11100	3329379
1	11100	3329396
1	11100	3329398
1	11103	3330008
1	11103	3330011
1	11103	3330024
1	11103	3330026
1	11103	3330030
1	11103	3330036
1	11103	3330038
1	11103	3330047
1	11103	3330091
1	11103	3330100
1	11103	3330122
1	11103	3330124
1	11103	3330127
1	11103	3330128
1	11103	3330131
1	11103	3330144
1	11103	3330145
1	11103	3330167
1	11103	3330169
1	11103	3330174
1	11103	3330183
1	11103	3330187
1	11103	3330193
1	11103	3330203
1	11103	3330215
1	11103	3330226
1	11103	3330234
1	11103	3330238
1	11103	3330249
1	11103	3330255
1	11103	3330269
1	11103	3330281
1	11103	3330287
1	11103	3330288
1	11103	3330294
1	11103	3330297
