dPhiDiLepJet < 165 dg for ee/mm          	nevts: 180/94/308/297/879
1	491	147004
1	491	147023
1	491	147056
1	491	147064
1	491	147069
1	491	147071
1	491	147074
1	491	147114
1	491	147131
1	491	147156
1	491	147159
1	491	147195
1	491	147201
1	491	147225
1	491	147228
1	491	147247
1	491	147258
1	491	147261
1	497	148802
1	497	148811
1	497	148889
1	497	148896
1	497	148907
1	497	148940
1	497	148986
1	497	148993
1	497	149013
1	497	149067
1	497	149080
1	5562	1668037
1	5562	1668072
1	5562	1668099
1	5562	1668129
1	5562	1668186
1	5562	1668228
1	5562	1668283
1	5562	1668294
1	6002	1800041
1	6002	1800132
1	6002	1800173
1	6002	1800179
1	6002	1800219
1	6002	1800246
1	6002	1800257
1	6002	1800277
1	6002	1800293
1	6002	1800298
1	6055	1815901
1	6055	1815921
1	6055	1815945
1	6055	1815948
1	6055	1815960
1	6055	1816008
1	6055	1816050
1	6055	1816075
1	6055	1816086
1	6055	1816098
1	6055	1816117
1	6055	1816177
1	6062	1818042
1	6062	1818043
1	6062	1818069
1	6062	1818099
1	6062	1818162
1	6062	1818168
1	6062	1818270
1	6062	1818283
1	6062	1818284
1	6073	1821363
1	6073	1821402
1	6073	1821429
1	6073	1821444
1	6073	1821452
1	6073	1821466
1	6073	1821490
1	6073	1821543
1	6073	1821557
1	6073	1821568
1	6128	1837845
1	6128	1837920
1	6128	1837921
1	6128	1837935
1	6128	1837948
1	6128	1837951
1	6128	1837966
1	6128	1837975
1	6128	1838029
1	6128	1838057
1	6128	1838066
1	3555	1066049
1	3555	1066067
1	3555	1066073
1	3555	1066091
1	3555	1066109
1	3555	1066116
1	3555	1066192
1	3555	1066196
1	3557	1066733
1	3557	1066816
1	3557	1066830
1	3557	1066851
1	3561	1067846
1	3561	1067851
1	3561	1067892
1	3561	1067903
1	3561	1067909
1	3561	1067919
1	3561	1067989
1	3561	1067990
1	3561	1068014
1	3561	1068072
1	3565	1069004
1	3565	1069053
1	3565	1069108
1	3565	1069122
1	3565	1069130
1	3565	1069211
1	3565	1069213
1	3565	1069225
1	3565	1069242
1	3565	1069274
1	4299	1289204
1	4299	1289277
1	4299	1289280
1	4299	1289293
1	4299	1289331
1	4299	1289348
1	4299	1289360
1	4299	1289380
1	4299	1289418
1	4299	1289425
1	4299	1289471
1	4299	1289474
1	4299	1289487
1	4306	1291302
1	4306	1291312
1	4306	1291319
1	4306	1291323
1	4306	1291413
1	4306	1291418
1	4306	1291426
1	4306	1291427
1	4306	1291493
1	4306	1291496
1	4306	1291532
1	4306	1291534
1	4306	1291568
1	4306	1291570
1	4306	1291586
1	4307	1291604
1	4307	1291707
1	4307	1291760
1	4307	1291768
1	4307	1291809
1	4309	1292218
1	4309	1292346
1	4309	1292364
1	4309	1292391
1	4309	1292454
1	4309	1292489
1	4309	1292491
1	4312	1293215
1	4312	1293222
1	4312	1293238
1	4312	1293264
1	4312	1293332
1	4312	1293361
1	4312	1293387
1	4313	1293430
1	4313	1293432
1	4313	1293492
1	4313	1293516
1	4313	1293521
1	4313	1293555
1	4313	1293624
1	4313	1293673
1	4314	1293711
1	4314	1293747
1	4314	1293769
1	4314	1293786
1	4314	1293835
1	4314	1293839
1	4314	1293862
1	4314	1293873
1	4314	1293884
1	4314	1293899
1	4314	1293947
1	4314	1293970
1	4314	1293991
1	4314	1293995
1	4315	1294014
1	4315	1294037
1	4315	1294101
1	4315	1294164
1	4315	1294218
1	4315	1294220
1	4315	1294232
1	4315	1294269
1	5815	1743910
1	5815	1743919
1	5815	1743920
1	5815	1743944
1	5815	1743966
1	5815	1743968
1	5815	1744005
1	5815	1744031
1	5815	1744035
1	5815	1744044
1	5815	1744112
1	5815	1744123
1	5815	1744135
1	5815	1744141
1	5815	1744177
1	5815	1744188
1	5815	1744200
1	5882	1764020
1	5882	1764047
1	5882	1764050
1	5882	1764054
1	5882	1764075
1	5882	1764086
1	5882	1764114
1	5882	1764116
1	5882	1764124
1	5882	1764134
1	5882	1764146
1	5882	1764166
1	5882	1764174
1	5882	1764222
1	5882	1764242
1	5882	1764244
1	5885	1764903
1	5885	1764912
1	5885	1764931
1	5885	1764940
1	5885	1765051
1	5885	1765056
1	5885	1765070
1	5885	1765104
1	5885	1765142
1	5885	1765200
1	5886	1765261
1	5886	1765412
1	5886	1765464
1	5886	1765482
1	5887	1765517
1	5887	1765575
1	5887	1765580
1	5887	1765599
1	5887	1765602
1	5887	1765647
1	5887	1765658
1	5887	1765660
1	5887	1765753
1	5887	1765777
1	5887	1765787
1	5887	1765796
1	6100	1829419
1	6100	1829423
1	6100	1829446
1	6100	1829481
1	6100	1829524
1	6100	1829530
1	6100	1829552
1	6100	1829564
1	6100	1829573
1	6100	1829574
1	6100	1829600
1	6100	1829631
1	6100	1829680
1	6100	1829689
1	6164	1848606
1	6164	1848612
1	6164	1848642
1	6164	1848670
1	6164	1848682
1	6164	1848705
1	6164	1848720
1	6164	1848727
1	6164	1848755
1	6164	1848756
1	6164	1848766
1	6164	1848825
1	6164	1848862
1	6164	1848900
1	6171	1850746
1	6171	1850748
1	6171	1850770
1	6171	1850786
1	6171	1850795
1	6171	1850801
1	6171	1850811
1	6171	1850870
1	6171	1850901
1	6171	1850932
1	7126	2137124
1	7126	2137132
1	7126	2137178
1	7126	2137248
1	7126	2137253
1	7126	2137311
1	7126	2137354
1	7126	2137362
1	12268	3679428
1	12268	3679517
1	12268	3679522
1	12268	3679545
1	12268	3679547
1	12268	3679552
1	12268	3679568
1	12268	3679696
1	13158	3946413
1	13158	3946417
1	13158	3946429
1	13158	3946448
1	13158	3946452
1	13158	3946485
1	13158	3946487
1	13158	3946508
1	13158	3946523
1	13158	3946529
1	13158	3946539
1	13158	3946569
1	13158	3946583
1	13158	3946603
1	13158	3946632
1	13158	3946653
1	13158	3946689
1	13524	4056155
1	13524	4056200
1	13524	4056218
1	13524	4056240
1	13524	4056268
1	13524	4056290
1	13524	4056322
1	13524	4056327
1	13524	4056343
1	13524	4056347
1	13524	4056360
1	13641	4091208
1	13641	4091210
1	13641	4091220
1	13641	4091234
1	13641	4091251
1	13641	4091262
1	13641	4091277
1	13641	4091281
1	13641	4091282
1	13641	4091303
1	13641	4091317
1	13641	4091345
1	13641	4091348
1	13641	4091413
1	13641	4091428
1	13735	4119407
1	13735	4119417
1	13735	4119425
1	13735	4119446
1	13735	4119470
1	13735	4119487
1	13735	4119497
1	13735	4119520
1	13735	4119524
1	13735	4119528
1	13735	4119535
1	13735	4119548
1	13735	4119583
1	13735	4119584
1	13735	4119587
1	13735	4119609
1	13735	4119625
1	13735	4119645
1	13735	4119647
1	13966	4188757
1	13966	4188800
1	13966	4188828
1	13966	4188847
1	13966	4188859
1	13966	4188921
1	13966	4188936
1	13966	4188945
1	13966	4188946
1	13966	4188976
1	13966	4188994
1	14013	4202864
1	14013	4202877
1	14013	4202893
1	14013	4202915
1	14013	4202976
1	14013	4202991
1	14013	4202997
1	14013	4203075
1	7753	2325207
1	7753	2325212
1	7753	2325223
1	7753	2325226
1	7753	2325322
1	7753	2325346
1	7753	2325358
1	7753	2325365
1	7753	2325404
1	7758	2326739
1	7758	2326804
1	7758	2326859
1	7758	2326860
1	7758	2326861
1	7758	2326871
1	7758	2326872
1	7758	2326885
1	7758	2326905
1	7758	2326943
1	7758	2326945
1	7758	2326952
1	7758	2326971
1	7758	2326973
1	7759	2327106
1	7759	2327123
1	7759	2327194
1	7759	2327205
1	7759	2327207
1	7759	2327256
1	7759	2327268
1	7764	2328530
1	7764	2328537
1	7764	2328614
1	7764	2328617
1	7764	2328655
1	7764	2328662
1	7764	2328670
1	7764	2328688
1	7764	2328696
1	7768	2329721
1	7768	2329722
1	7768	2329732
1	7768	2329734
1	7768	2329795
1	7768	2329828
1	7768	2329887
1	7768	2329925
1	7768	2329946
1	7768	2329954
1	7768	2329958
1	7768	2329967
1	7770	2330309
1	7770	2330357
1	7770	2330358
1	7770	2330378
1	7770	2330431
1	7770	2330437
1	7770	2330459
1	7770	2330460
1	7770	2330474
1	7770	2330477
1	7770	2330490
1	7770	2330520
1	7771	2330643
1	7771	2330650
1	7771	2330704
1	7771	2330710
1	7771	2330738
1	7771	2330755
1	7771	2330801
1	7771	2330810
1	7771	2330813
1	7771	2330865
1	7771	2330899
1	7775	2331811
1	7775	2331872
1	7775	2331880
1	7775	2331884
1	7775	2331930
1	7775	2331943
1	7775	2331951
1	7775	2331963
1	7775	2331975
1	7775	2331982
1	7775	2332083
1	7827	2347417
1	7827	2347451
1	7827	2347493
1	7827	2347495
1	7827	2347497
1	7827	2347523
1	7827	2347568
1	7827	2347607
1	7827	2347647
1	7827	2347650
1	7827	2347662
1	7827	2347698
1	7831	2348610
1	7831	2348613
1	7831	2348620
1	7831	2348624
1	7831	2348660
1	7831	2348730
1	7831	2348773
1	7831	2348774
1	7831	2348789
1	7831	2348810
1	7831	2348825
1	7831	2348827
1	7831	2348834
1	7831	2348862
1	7831	2348874
1	7831	2348900
1	7835	2349841
1	7835	2349855
1	7835	2349868
1	7835	2349871
1	7835	2349923
1	7835	2349981
1	7835	2349991
1	7835	2350008
1	7835	2350013
1	7835	2350015
1	7841	2351606
1	7841	2351619
1	7841	2351633
1	7841	2351751
1	7841	2351853
1	7842	2351944
1	7842	2352014
1	7842	2352015
1	7842	2352038
1	7842	2352101
1	7842	2352103
1	7842	2352113
1	7842	2352126
1	7842	2352158
1	7842	2352175
1	7846	2353109
1	7846	2353126
1	7846	2353165
1	7846	2353235
1	7846	2353260
1	7846	2353317
1	7846	2353335
1	7846	2353355
1	7851	2354605
1	7851	2354607
1	7851	2354617
1	7851	2354630
1	7851	2354647
1	7851	2354653
1	7851	2354656
1	7851	2354689
1	7851	2354692
1	7851	2354698
1	7851	2354773
1	7851	2354790
1	7851	2354865
1	7851	2354889
1	7851	2354890
1	7867	2359418
1	7867	2359426
1	7867	2359430
1	7867	2359467
1	7867	2359600
1	9788	2935626
1	9788	2935653
1	9788	2935696
1	9788	2935717
1	9788	2935745
1	9788	2935765
1	9788	2935786
1	9788	2935791
1	9788	2935795
1	9788	2935848
1	9788	2935849
1	9788	2935875
1	9788	2935884
1	9788	2935900
1	9803	2940140
1	9803	2940194
1	9803	2940211
1	9803	2940259
1	9803	2940343
1	9803	2940354
1	9803	2940365
1	9803	2940378
1	9803	2940379
1	9803	2940389
1	9803	2940400
1	9805	2940810
1	9805	2940811
1	9805	2940874
1	9805	2940884
1	9805	2940981
1	9805	2940986
1	9815	2943803
1	9815	2943813
1	9815	2943845
1	9815	2943866
1	9815	2943894
1	9815	2943941
1	9815	2943970
1	9821	2945506
1	9821	2945536
1	9821	2945547
1	9821	2945560
1	9821	2945568
1	9821	2945587
1	9821	2945625
1	9821	2945657
1	9821	2945683
1	9821	2945685
1	9821	2945686
1	9821	2945712
1	9821	2945713
1	9821	2945719
1	9821	2945730
1	10159	3046866
1	10159	3046929
1	10159	3046930
1	10159	3046979
1	10159	3047060
1	10159	3047078
1	10159	3047086
1	10233	3069009
1	10233	3069089
1	10233	3069112
1	10233	3069158
1	10233	3069219
1	10233	3069244
1	10233	3069246
1	10233	3069292
1	10238	3070532
1	10238	3070546
1	10238	3070561
1	10238	3070644
1	10238	3070704
1	10238	3070728
1	10238	3070753
1	10238	3070765
1	10238	3070782
1	10088	3025507
1	10088	3025620
1	10088	3025658
1	10088	3025704
1	10088	3025754
1	10088	3025756
1	10104	3030320
1	10104	3030395
1	10104	3030402
1	10104	3030498
1	10104	3030514
1	10104	3030520
1	10104	3030522
1	10104	3030541
1	10104	3030543
1	10104	3030557
1	10104	3030563
1	10104	3030569
1	10104	3030581
1	10106	3030933
1	10106	3030949
1	10106	3030986
1	10106	3031049
1	10106	3031084
1	10106	3031145
1	10106	3031152
1	10106	3031175
1	10203	3060035
1	10203	3060055
1	10203	3060073
1	10203	3060095
1	10203	3060109
1	10203	3060134
1	10203	3060173
1	10203	3060180
1	10203	3060198
1	10203	3060208
1	10203	3060269
1	10204	3060303
1	10204	3060309
1	10204	3060322
1	10204	3060329
1	10204	3060346
1	10204	3060430
1	10204	3060451
1	10204	3060453
1	10204	3060461
1	10204	3060474
1	10204	3060493
1	10204	3060501
1	10204	3060502
1	10204	3060505
1	10204	3060551
1	10305	3090620
1	10305	3090668
1	10305	3090686
1	10305	3090737
1	10305	3090773
1	10305	3090778
1	10305	3090816
1	10305	3090854
1	10305	3090875
1	10364	3108376
1	10364	3108406
1	10364	3108413
1	10364	3108417
1	10364	3108425
1	10364	3108433
1	10364	3108461
1	10364	3108474
1	10364	3108508
1	10364	3108542
1	10364	3108573
1	10413	3123016
1	10413	3123132
1	10413	3123135
1	10413	3123141
1	10413	3123142
1	10413	3123173
1	10413	3123178
1	10413	3123189
1	10413	3123193
1	10413	3123201
1	10413	3123219
1	10413	3123246
1	10462	3137702
1	10462	3137713
1	10462	3137765
1	10462	3137834
1	10462	3137843
1	10462	3137853
1	10462	3137855
1	10462	3137915
1	10462	3137974
1	10462	3138000
1	10465	3138622
1	10465	3138627
1	10465	3138644
1	10465	3138694
1	10465	3138696
1	10465	3138710
1	10465	3138719
1	10465	3138740
1	10465	3138758
1	10465	3138811
1	10465	3138838
1	10465	3138849
1	10465	3138880
1	10801	3239424
1	10801	3239468
1	10801	3239527
1	10801	3239554
1	10801	3239556
1	10801	3239557
1	10801	3239561
1	10801	3239585
1	10801	3239623
1	10801	3239641
1	10980	3293152
1	10980	3293165
1	10980	3293193
1	10980	3293217
1	10980	3293289
1	10980	3293301
1	10980	3293327
1	10980	3293332
1	10980	3293335
1	10980	3293353
1	10980	3293372
1	10980	3293392
1	10986	3294916
1	10986	3294954
1	10986	3295005
1	10986	3295020
1	10986	3295022
1	10986	3295031
1	10986	3295076
1	10986	3295077
1	10986	3295178
1	10986	3295188
1	10987	3295213
1	10987	3295247
1	10987	3295258
1	10987	3295353
1	10987	3295362
1	10987	3295404
1	10987	3295420
1	10987	3295457
1	10992	3296718
1	10992	3296772
1	10992	3296788
1	10992	3296806
1	10992	3296808
1	10992	3296846
1	10992	3296910
1	10992	3296923
1	10992	3296979
1	12373	3710997
1	12373	3711053
1	12373	3711074
1	12373	3711080
1	12373	3711089
1	12373	3711120
1	12373	3711126
1	12373	3711150
1	11079	3322825
1	11079	3322863
1	11079	3322873
1	11079	3322876
1	11079	3322880
1	11079	3322893
1	11079	3322896
1	11079	3322922
1	11079	3322957
1	11079	3323015
1	11079	3323042
1	11079	3323074
1	11079	3323084
1	11079	3323091
1	11080	3323162
1	11080	3323199
1	11080	3323220
1	11080	3323234
1	11080	3323261
1	11080	3323291
1	11080	3323299
1	11080	3323314
1	11080	3323369
1	11080	3323383
1	11084	3324368
1	11084	3324413
1	11084	3324428
1	11084	3324442
1	11084	3324461
1	11084	3324522
1	11084	3324573
1	11084	3324580
1	11084	3324595
1	11088	3325509
1	11088	3325512
1	11088	3325537
1	11088	3325556
1	11088	3325583
1	11088	3325598
1	11088	3325602
1	11088	3325632
1	11088	3325649
1	11088	3325671
1	11088	3325674
1	11088	3325701
1	11088	3325704
1	11088	3325729
1	11088	3325730
1	11088	3325748
1	11088	3325791
1	11095	3327670
1	11095	3327765
1	11095	3327771
1	11095	3327785
1	11095	3327854
1	11095	3327888
1	11100	3329135
1	11100	3329157
1	11100	3329177
1	11100	3329207
1	11100	3329236
1	11100	3329242
1	11100	3329257
1	11100	3329270
1	11100	3329329
1	11100	3329352
1	11103	3330026
1	11103	3330030
1	11103	3330036
1	11103	3330091
1	11103	3330122
1	11103	3330183
1	11103	3330187
1	11103	3330193
1	11103	3330226
1	11103	3330238
1	11103	3330287
1	11103	3330288
1	11103	3330297
