njets == 0                               	nevts: 100/50/116/117/383
1	491	147023
1	491	147064
1	491	147071
1	491	147131
1	491	147195
1	491	147247
1	491	147258
1	491	147261
1	497	148802
1	497	148811
1	497	148896
1	497	148907
1	497	148940
1	497	149013
1	5562	1668099
1	5562	1668129
1	5562	1668186
1	5562	1668228
1	5562	1668294
1	6002	1800219
1	6002	1800257
1	6002	1800277
1	6002	1800293
1	6055	1815948
1	6055	1815960
1	6055	1816008
1	6055	1816050
1	6055	1816075
1	6055	1816086
1	6055	1816117
1	6062	1818042
1	6062	1818043
1	6062	1818162
1	6062	1818270
1	6073	1821402
1	6073	1821466
1	6073	1821568
1	6128	1837935
1	6128	1837966
1	6128	1837975
1	6128	1838057
1	3555	1066049
1	3555	1066073
1	3555	1066109
1	3555	1066116
1	3561	1067851
1	3561	1067903
1	3561	1067909
1	3561	1067919
1	3565	1069053
1	3565	1069130
1	3565	1069211
1	3565	1069213
1	3565	1069242
1	4299	1289204
1	4299	1289277
1	4299	1289280
1	4299	1289293
1	4299	1289331
1	4299	1289380
1	4299	1289425
1	4299	1289471
1	4299	1289487
1	4306	1291319
1	4306	1291426
1	4306	1291427
1	4306	1291496
1	4306	1291532
1	4306	1291570
1	4307	1291760
1	4309	1292218
1	4309	1292346
1	4309	1292364
1	4309	1292391
1	4309	1292491
1	4312	1293215
1	4312	1293222
1	4312	1293238
1	4313	1293432
1	4313	1293516
1	4313	1293624
1	4314	1293786
1	4314	1293839
1	4314	1293862
1	4314	1293884
1	4314	1293899
1	4314	1293947
1	4314	1293991
1	4315	1294037
1	4315	1294164
1	4315	1294218
1	4315	1294220
1	4315	1294232
1	5815	1743910
1	5815	1743968
1	5815	1744005
1	5815	1744035
1	5815	1744123
1	5815	1744177
1	5882	1764050
1	5882	1764075
1	5882	1764086
1	5882	1764114
1	5882	1764124
1	5882	1764134
1	5882	1764242
1	5882	1764244
1	5885	1764912
1	5885	1765051
1	5885	1765056
1	5885	1765070
1	5886	1765464
1	5886	1765482
1	5887	1765575
1	5887	1765580
1	5887	1765647
1	5887	1765660
1	5887	1765753
1	5887	1765796
1	6100	1829481
1	6100	1829524
1	6100	1829530
1	6100	1829574
1	6100	1829631
1	6100	1829680
1	6100	1829689
1	6164	1848606
1	6164	1848670
1	6164	1848682
1	6164	1848825
1	6164	1848862
1	6171	1850801
1	7126	2137132
1	7126	2137178
1	7126	2137253
1	12268	3679517
1	12268	3679545
1	12268	3679547
1	12268	3679568
1	13158	3946413
1	13158	3946417
1	13158	3946429
1	13158	3946485
1	13158	3946529
1	13158	3946539
1	13158	3946569
1	13158	3946603
1	13158	3946632
1	13158	3946689
1	13524	4056155
1	13524	4056218
1	13524	4056290
1	13524	4056322
1	13524	4056360
1	13641	4091210
1	13641	4091220
1	13641	4091234
1	13641	4091251
1	13641	4091277
1	13641	4091282
1	13641	4091303
1	13641	4091317
1	13641	4091348
1	13735	4119446
1	13735	4119487
1	13735	4119497
1	13735	4119520
1	13735	4119524
1	13735	4119528
1	13735	4119584
1	13735	4119587
1	13735	4119647
1	13966	4188800
1	13966	4188859
1	13966	4188936
1	13966	4188946
1	13966	4188976
1	14013	4202864
1	14013	4202915
1	14013	4202991
1	14013	4202997
1	7753	2325207
1	7753	2325223
1	7753	2325322
1	7753	2325358
1	7753	2325365
1	7753	2325404
1	7758	2326861
1	7758	2326872
1	7758	2326943
1	7758	2326971
1	7759	2327256
1	7764	2328537
1	7764	2328655
1	7764	2328662
1	7768	2329722
1	7768	2329732
1	7768	2329734
1	7768	2329887
1	7768	2329946
1	7770	2330378
1	7770	2330460
1	7770	2330474
1	7770	2330477
1	7770	2330490
1	7771	2330650
1	7771	2330704
1	7771	2330813
1	7771	2330899
1	7775	2331884
1	7775	2331951
1	7775	2331975
1	7775	2332083
1	7827	2347451
1	7827	2347495
1	7827	2347607
1	7827	2347647
1	7827	2347650
1	7827	2347662
1	7831	2348613
1	7831	2348624
1	7831	2348773
1	7831	2348774
1	7835	2349841
1	7835	2349871
1	7835	2349923
1	7842	2351944
1	7842	2352038
1	7842	2352101
1	7842	2352113
1	7842	2352175
1	7846	2353109
1	7846	2353126
1	7846	2353260
1	7846	2353317
1	7846	2353335
1	7846	2353355
1	7851	2354607
1	7851	2354617
1	7851	2354647
1	7851	2354653
1	7851	2354656
1	7851	2354689
1	7851	2354692
1	7851	2354698
1	7851	2354865
1	7851	2354890
1	7867	2359426
1	7867	2359467
1	9788	2935696
1	9788	2935786
1	9788	2935848
1	9788	2935875
1	9788	2935900
1	9803	2940140
1	9803	2940194
1	9803	2940343
1	9803	2940354
1	9803	2940389
1	9805	2940810
1	9805	2940811
1	9805	2940884
1	9805	2940981
1	9805	2940986
1	9815	2943894
1	9815	2943941
1	9821	2945506
1	9821	2945547
1	9821	2945587
1	9821	2945625
1	9821	2945657
1	9821	2945685
1	9821	2945686
1	9821	2945713
1	10159	3046929
1	10233	3069009
1	10233	3069112
1	10233	3069219
1	10238	3070532
1	10238	3070561
1	10238	3070644
1	10238	3070782
1	10088	3025620
1	10104	3030320
1	10104	3030402
1	10104	3030498
1	10104	3030520
1	10104	3030522
1	10104	3030557
1	10104	3030563
1	10104	3030569
1	10106	3030949
1	10106	3031145
1	10106	3031152
1	10106	3031175
1	10203	3060269
1	10204	3060303
1	10204	3060322
1	10204	3060329
1	10204	3060451
1	10204	3060461
1	10204	3060474
1	10204	3060502
1	10204	3060505
1	10204	3060551
1	10305	3090668
1	10305	3090773
1	10364	3108376
1	10364	3108406
1	10364	3108425
1	10364	3108542
1	10413	3123016
1	10413	3123142
1	10413	3123189
1	10413	3123193
1	10413	3123201
1	10413	3123219
1	10413	3123246
1	10462	3137713
1	10462	3137843
1	10465	3138622
1	10465	3138627
1	10465	3138694
1	10465	3138719
1	10465	3138740
1	10801	3239468
1	10801	3239527
1	10801	3239556
1	10801	3239557
1	10801	3239561
1	10801	3239641
1	10980	3293193
1	10980	3293301
1	10980	3293327
1	10980	3293332
1	10986	3294916
1	10986	3295022
1	10986	3295031
1	10986	3295077
1	10986	3295188
1	10987	3295213
1	10987	3295362
1	10987	3295404
1	10987	3295420
1	10992	3296806
1	10992	3296808
1	10992	3296979
1	12373	3710997
1	12373	3711150
1	11079	3322825
1	11079	3322876
1	11079	3322893
1	11079	3322896
1	11079	3322922
1	11079	3323015
1	11079	3323042
1	11079	3323074
1	11080	3323162
1	11080	3323261
1	11080	3323291
1	11080	3323299
1	11080	3323369
1	11080	3323383
1	11084	3324368
1	11084	3324413
1	11084	3324428
1	11084	3324442
1	11084	3324461
1	11084	3324580
1	11084	3324595
1	11088	3325509
1	11088	3325537
1	11088	3325556
1	11088	3325598
1	11088	3325632
1	11088	3325701
1	11088	3325729
1	11100	3329157
1	11100	3329242
1	11100	3329270
1	11100	3329329
1	11103	3330026
1	11103	3330238
